42,35
3,1
3,3
10,120
10,292
10,130
10,220
10,284
10,24
10,26
10,124
9,7
8,8
8,9
8,10
8,4
32,5
32,4
32,3
32,2
32,1
32,0
31,4
31,3
31,2
31,1
31,0
30,4
30,3
30,2
30,1
30,0
27,4
27,3
27,2
27,1
27,0
20,3
20,2
20,1
19,3
19,2
19,1
12,3
12,2
12,1
11,27
11,26
11,25
11,24
11,23
11,22
11,21
11,20
11,17
11,16
11,15
11,14
11,13
11,12
11,11
11,10
11,9
11,8
11,7
11,6
11,5
11,4
11,3
11,2
11,1
10,309
10,308
10,307
10,306
10,305
10,304
10,303
10,302
10,301
10,300
10,299
10,298
10,297
10,296
18,1
10,295
18,3
10,272
10,244
10,182
14,1
